"System Time","RDTSC","Elapsed Time (sec)","CPU Utilization(%)","CPU Frequency_0(MHz)","CPU Min Frequency_0(MHz)","CPU Max Frequency_0(MHz)","CPU Requsted Frequency_0(MHz)","Processor Power_0(Watt)","Cumulative Processor Energy_0(Joules)","Cumulative Processor Energy_0(mWh)","IA Power_0(Watt)","Cumulative IA Energy_0(Joules)","Cumulative IA Energy_0(mWh)","Package Temperature_0(C)","Package Hot_0","CPU Min Temperature_0(C)","CPU Max Temperature_0(C)","DRAM Power_0(Watt)","Cumulative DRAM Energy_0(Joules)","Cumulative DRAM Energy_0(mWh)","Package Power Limit_0(Watt)","GT Frequency(MHz)","GT Requsted Frequency(MHz)"
"15:36:36:056","43892745780349","   0.102","  15.921"," 1822","  700"," 2900"," 2231","   7.677","   0.780","   0.217","   4.391","   0.446","   0.124"," 79","0"," 74"," 81","  78.370","  74.000","  20.556","  28.000","    0","    0"
"15:36:36:172","43892975668927","   0.217","   0.695","  979","  700"," 1600"," 1468","  11.170","   2.066","   0.574","   7.585","   1.319","   0.367"," 80","0"," 75"," 79","  77.440"," 149.000","  41.389","  28.000","    0","    0"
"15:36:36:272","43893176338389","   0.317","   0.730","  798","  700","  800","  800","   6.116","   2.681","   0.745","   2.766","   1.597","   0.444"," 78","0"," 73"," 78","  76.000"," 222.000","  61.667","  28.000","    0","    0"
"15:36:36:373","43893378077385","   0.418","   0.662","  984","  700"," 1200"," 1162","   6.084","   3.295","   0.915","   2.655","   1.866","   0.518"," 78","0"," 76"," 79","  77.381"," 298.000","  82.778","  28.000","    0","    0"
"15:36:36:474","43893579645299","   0.519","   1.164"," 1236","  900"," 1500"," 1322","   5.511","   3.852","   1.070","   2.203","   2.088","   0.580"," 77","0"," 74"," 79","  75.595"," 372.000"," 103.333","  28.000","    0","    0"
"15:36:36:577","43893784410773","   0.622","   0.878"," 1027","  700"," 1600"," 1050","   6.683","   4.537","   1.260","   3.240","   2.420","   0.672"," 78","0"," 76"," 78","  77.000"," 448.000"," 124.444","  28.000","    0","    0"
"15:36:36:680","43893991756271","   0.726","   0.829"," 1476","  700"," 2600"," 2156","   8.233","   5.392","   1.498","   4.570","   2.895","   0.804"," 78","0"," 74"," 81","  77.926"," 522.000"," 145.000","  28.000","    0","    0"
"15:36:36:781","43894192309679","   0.826","   1.342","  809","  700"," 1100","  800","   7.455","   6.141","   1.706","   4.045","   3.301","   0.917"," 78","0"," 73"," 78","  76.333"," 595.000"," 165.278","  28.000","    0","    0"
"15:36:36:885","43894399631953","   0.930","   0.736"," 1303","  800"," 2100"," 1454","   6.512","   6.817","   1.894","   3.134","   3.627","   1.007"," 78","0"," 73"," 79","  76.917"," 668.000"," 185.556","  28.000","    0","    0"
"15:36:36:987","43894603696109","   1.032","   1.251","  889","  600"," 1500","  898","   6.049","   7.435","   2.065","   2.556","   3.888","   1.080"," 77","0"," 73"," 77","  75.950"," 741.000"," 205.833","  28.000","    0","    0"
"15:36:37:092","43894813127639","   1.137","   1.618","  829","  600"," 1200","  845","   5.397","   8.001","   2.223","   2.156","   4.114","   1.143"," 77","0"," 72"," 78","  75.698"," 813.000"," 225.833","  28.000","    0","    0"
"15:36:37:197","43895022749415","   1.242","   3.468"," 1574","  700"," 1800"," 1672","   6.045","   8.636","   2.399","   2.704","   4.398","   1.222"," 77","0"," 73"," 80","  76.557"," 886.000"," 246.111","  28.000","    0","    0"

"Total Elapsed Time (sec) = 1.241937"
"Measured RDTSC Frequency (GHz) = 1.997"

"Cumulative Package Energy_0 (Joules) = 8.635620"
"Cumulative Package Energy_0 (mWh) = 2.398783"
"Average Package Power_0 (Watt) = 6.953350"

"Cumulative IA Energy_0 (Joules) = 4.397766"
"Cumulative IA Energy_0 (mWh) = 1.221602"
"Average Package IA_0 (Watt) = 3.541055"

"Cumulative DRAM Energy_0 (Joules) = 886.000000"
"Cumulative DRAM Energy_0 (mWh) = 246.111111"
"Average Package DRAM_0 (Watt) = 713.401908"
